0 0.7477947072975141 0.5151757188498403 0.044105854049719326 0.33386581469648563
0 0.5709703287890938 0.603035143769968 0.07377706495589414 0.5159744408945687
0 0.483560545308741 0.5854632587859425 0.07538091419406576 0.5415335463258786
0 0.35926222935044105 0.6725239616613419 0.06575781876503609 0.536741214057508
0 0.2894947874899759 0.5830670926517572 0.107457898957498 0.6741214057507987
0 0.18805132317562148 0.6014376996805112 0.08580593424218123 0.6054313099041534
0 0.43023255813953487 0.48722044728434505 0.05052125100240577 0.3929712460063898
0 0.8620689655172413 0.44329073482428116 0.030473135525260625 0.1869009584664537
0 0.8905372894947875 0.4472843450479233 0.026463512429831595 0.18849840255591055
0 0.8215717722534082 0.42971246006389774 0.03287890938251804 0.19488817891373802
0 0.785485164394547 0.43370607028753994 0.028067361668003207 0.16773162939297126
0 0.7012830793905372 0.4305111821086262 0.028067361668003207 0.19968051118210864
